20 226 3
1 19 929 2792 3
1 39 560
2 14 297
3 34 603
1 17 1680 2536 3
1 10 560
2 16 297
3 32 603
1 7 1150 1864 3
1 9 560
2 38 297
3 28 603
1 8 1702 2308 3
1 18 560
2 14 297
3 13 603
1 5 354 2522 3
1 25 560
2 23 297
3 19 603
1 15 1194 3215 3
1 36 560
2 41 297
3 12 603
1 18 531 2626 3
1 15 560
2 10 297
3 21 603
1 9 1768 2190 3
1 37 560
2 48 297
3 41 603
1 11 1525 2585 3
1 8 560
2 7 297
3 18 603
1 14 1591 3312 3
1 43 560
2 7 297
3 39 603
1 4 1150 894 3
1 24 560
2 18 297
3 5 603
2 10 2188 2287 3
1 45 560
2 19 297
3 45 603
2 6 1835 2834 3
1 19 560
2 49 297
3 35 603
2 7 2100 2945 3
1 12 560
2 9 297
3 26 603
2 3 1945 1580 3
1 15 560
2 5 297
3 46 603
2 15 840 1691 3
1 18 560
2 16 297
3 43 603
2 13 487 1843 3
1 20 560
2 18 297
3 37 603
2 18 929 2945 3
1 34 560
2 5 297
3 12 603
2 4 951 1428 3
1 33 560
2 24 297
3 20 603
2 9 1326 3388 3
1 17 560
2 38 297
3 5 603
2 14 1437 3021 3
1 34 560
2 37 297
3 15 603
2 20 1901 714 3
1 38 560
2 42 297
3 23 603
3 9 2188 2744 3
1 19 560
2 20 297
3 45 603
3 2 1017 3104 3
1 15 560
2 45 297
3 35 603
3 14 995 2301 3
1 11 560
2 5 297
3 26 603
3 1 686 2917 3
1 38 560
2 19 297
3 37 603
3 6 1768 2820 3
1 10 560
2 27 297
3 7 603
3 5 376 2543 3
1 39 560
2 17 297
3 24 603
3 7 221 2841 3
1 16 560
2 14 297
3 6 603
3 16 1150 3215 3
1 9 560
2 22 297
3 16 603
3 4 1127 1476 3
1 16 560
2 22 297
3 23 603
4 10 2144 3388 3
1 20 560
2 34 297
3 49 603
4 2 1768 2065 3
1 22 560
2 19 297
3 49 603
4 18 2078 2314 3
1 17 560
2 25 297
3 37 603
4 1 465 860 3
1 40 560
2 29 297
3 25 603
4 7 1790 1351 3
1 10 560
2 45 297
3 25 603
4 5 487 2827 3
1 27 560
2 24 297
3 44 603
4 15 1459 1164 3
1 40 560
2 39 297
3 47 603
4 3 1282 2217 3
1 7 560
2 36 297
3 6 603
4 13 1614 1525 3
1 38 560
2 13 297
3 35 603
4 20 332 2405 3
1 48 560
2 45 297
3 45 603
4 17 288 3423 3
1 20 560
2 5 297
3 9 603
4 9 1393 3451 3
1 49 560
2 14 297
3 48 603
4 16 420 2585 3
1 34 560
2 21 297
3 5 603
4 6 906 1823 3
1 46 560
2 17 297
3 15 603
4 8 398 1345 3
1 6 560
2 49 297
3 16 603
4 11 1569 957 3
1 17 560
2 38 297
3 45 603
5 9 354 728 3
1 10 560
2 43 297
3 12 603
5 13 1083 3111 3
1 17 560
2 36 297
3 19 603
5 11 686 3014 3
1 46 560
2 16 297
3 15 603
5 19 1459 3458 3
1 14 560
2 36 297
3 14 603
5 16 1260 1414 3
1 34 560
2 11 297
3 47 603
5 6 1812 2661 3
1 10 560
2 12 297
3 6 603
5 1 1857 2986 3
1 28 560
2 20 297
3 20 603
5 3 973 1608 3
1 16 560
2 8 297
3 33 603
5 7 708 3333 3
1 25 560
2 40 297
3 22 603
6 13 730 1829 3
1 32 560
2 41 297
3 7 603
6 12 1945 2772 3
1 35 560
2 36 297
3 27 603
6 11 1857 3444 3
1 45 560
2 38 297
3 26 603
6 2 1105 3194 3
1 10 560
2 47 297
3 41 603
6 14 2122 2841 3
1 19 560
2 31 297
3 28 603
6 1 973 1746 3
1 9 560
2 22 297
3 46 603
6 7 1326 3160 3
1 25 560
2 32 297
3 6 603
6 15 906 2127 3
1 36 560
2 5 297
3 31 603
6 5 442 818 3
1 19 560
2 39 297
3 24 603
6 9 1503 2841 3
1 19 560
2 37 297
3 39 603
6 8 575 1732 3
1 41 560
2 23 297
3 24 603
7 3 1812 1317 3
1 38 560
2 24 297
3 45 603
7 19 1172 1483 3
1 16 560
2 16 297
3 24 603
7 9 1061 1074 3
1 11 560
2 31 297
3 16 603
7 10 288 2758 3
1 45 560
2 31 297
3 40 603
7 13 2122 1518 3
1 12 560
2 30 297
3 11 603
7 4 884 2072 3
1 14 560
2 35 297
3 31 603
7 8 730 1310 3
1 23 560
2 33 297
3 20 603
7 1 884 3264 3
1 6 560
2 47 297
3 41 603
7 17 465 1732 3
1 14 560
2 33 297
3 35 603
7 2 1768 2508 3
1 6 560
2 38 297
3 7 603
7 20 1923 1622 3
1 33 560
2 30 297
3 37 603
7 12 509 2079 3
1 41 560
2 6 297
3 8 603
7 18 1591 735 3
1 36 560
2 48 297
3 9 603
7 14 1702 1504 3
1 7 560
2 5 297
3 32 603
7 6 1304 2772 3
1 21 560
2 38 297
3 28 603
7 11 951 2779 3
1 21 560
2 39 297
3 37 603
8 5 1614 1331 3
1 38 560
2 47 297
3 10 603
8 7 1525 2869 3
1 30 560
2 22 297
3 5 603
8 11 1636 2259 3
1 8 560
2 46 297
3 15 603
8 9 1591 2855 3
1 7 560
2 34 297
3 13 603
8 12 420 1317 3
1 19 560
2 9 297
3 40 603
8 15 1282 2557 3
1 44 560
2 36 297
3 43 603
8 14 1150 2391 3
1 18 560
2 33 297
3 46 603
8 16 1083 1525 3
1 22 560
2 23 297
3 40 603
8 13 1658 1850 3
1 9 560
2 43 297
3 31 603
8 1 1591 2709 3
1 15 560
2 43 297
3 10 603
9 6 1525 3097 3
1 30 560
2 30 297
3 41 603
9 4 1901 1982 3
1 36 560
2 49 297
3 10 603
9 16 1282 984 3
1 47 560
2 21 297
3 31 603
9 18 752 2051 3
1 24 560
2 8 297
3 22 603
9 7 1680 3049 3
1 31 560
2 45 297
3 30 603
9 12 973 1587 3
1 12 560
2 13 297
3 21 603
9 3 641 1961 3
1 22 560
2 48 297
3 8 603
9 17 1967 1144 3
1 23 560
2 9 297
3 19 603
9 15 1150 1559 3
1 6 560
2 41 297
3 41 603
9 13 818 2439 3
1 37 560
2 37 297
3 17 603
9 5 1260 1088 3
1 49 560
2 16 297
3 12 603
9 1 951 1421 3
1 22 560
2 10 297
3 20 603
10 9 553 2432 3
1 16 560
2 23 297
3 12 603
10 16 1879 2605 3
1 22 560
2 36 297
3 44 603
10 14 1812 880 3
1 26 560
2 29 297
3 43 603
10 7 973 2363 3
1 10 560
2 40 297
3 14 603
10 18 1901 1455 3
1 27 560
2 47 297
3 28 603
10 13 2144 3444 3
1 49 560
2 28 297
3 19 603
10 2 641 756 3
1 35 560
2 39 297
3 10 603
10 12 1614 2903 3
1 15 560
2 25 297
3 18 603
10 4 1083 2023 3
1 28 560
2 10 297
3 45 603
11 20 1393 2820 3
1 19 560
2 17 297
3 42 603
11 7 1812 2377 3
1 34 560
2 9 297
3 9 603
11 1 929 1192 3
1 26 560
2 25 297
3 19 603
11 13 1724 1123 3
1 15 560
2 7 297
3 19 603
11 6 995 3167 3
1 18 560
2 34 297
3 21 603
11 18 1150 3361 3
1 29 560
2 49 297
3 18 603
11 4 221 2903 3
1 17 560
2 45 297
3 20 603
11 17 1503 3236 3
1 12 560
2 12 297
3 29 603
11 5 973 2231 3
1 24 560
2 46 297
3 13 603
11 19 929 3028 3
1 25 560
2 7 297
3 34 603
11 10 752 2501 3
1 16 560
2 38 297
3 19 603
12 15 288 2744 3
1 41 560
2 13 297
3 13 603
12 20 332 2883 3
1 31 560
2 22 297
3 49 603
12 16 1216 2114 3
1 49 560
2 11 297
3 11 603
12 10 1768 1157 3
1 35 560
2 34 297
3 31 603
12 11 818 3430 3
1 47 560
2 44 297
3 35 603
12 1 442 2605 3
1 46 560
2 35 297
3 38 603
12 3 1371 3361 3
1 26 560
2 32 297
3 48 603
12 9 1680 2515 3
1 23 560
2 25 297
3 46 603
12 2 531 1594 3
1 24 560
2 15 297
3 21 603
12 5 929 2862 3
1 11 560
2 8 297
3 7 603
12 7 1437 1871 3
1 10 560
2 47 297
3 39 603
12 18 1503 866 3
1 15 560
2 21 297
3 23 603
12 19 1127 1947 3
1 10 560
2 24 297
3 35 603
13 3 2100 3284 3
1 38 560
2 34 297
3 30 603
13 10 1437 3423 3
1 49 560
2 12 297
3 8 603
13 6 487 700 3
1 29 560
2 31 297
3 30 603
13 18 1680 1525 3
1 20 560
2 5 297
3 21 603
13 7 332 1088 3
1 19 560
2 21 297
3 11 603
14 1 1680 2661 3
1 13 560
2 39 297
3 16 603
14 17 2078 1552 3
1 15 560
2 6 297
3 5 603
14 6 752 1054 3
1 46 560
2 38 297
3 5 603
14 11 1835 3416 3
1 15 560
2 40 297
3 14 603
14 3 2166 3402 3
1 5 560
2 16 297
3 29 603
14 7 1459 1947 3
1 23 560
2 25 297
3 35 603
14 12 1194 3298 3
1 19 560
2 35 297
3 30 603
14 4 906 2772 3
1 40 560
2 21 297
3 47 603
14 5 221 1393 3
1 45 560
2 19 297
3 41 603
14 2 641 3139 3
1 11 560
2 44 297
3 47 603
14 10 1835 1241 3
1 45 560
2 29 297
3 29 603
15 17 641 2294 3
1 16 560
2 9 297
3 5 603
15 14 1901 922 3
1 47 560
2 36 297
3 44 603
15 16 2078 3208 3
1 12 560
2 20 297
3 35 603
15 10 840 2640 3
1 14 560
2 10 297
3 39 603
15 12 951 2834 3
1 33 560
2 41 297
3 14 603
15 7 1901 2876 3
1 15 560
2 29 297
3 16 603
15 2 818 3416 3
1 19 560
2 16 297
3 25 603
15 9 1768 2044 3
1 49 560
2 35 297
3 46 603
15 6 1614 2432 3
1 43 560
2 42 297
3 39 603
15 20 1393 1795 3
1 43 560
2 44 297
3 29 603
15 11 1371 3187 3
1 35 560
2 13 297
3 41 603
16 5 1260 1871 3
1 20 560
2 13 297
3 25 603
16 9 1282 2889 3
1 48 560
2 11 297
3 29 603
16 6 1260 1462 3
1 41 560
2 5 297
3 17 603
16 7 288 1227 3
1 6 560
2 28 297
3 30 603
16 20 774 2370 3
1 25 560
2 46 297
3 17 603
16 17 774 929 3
1 13 560
2 9 297
3 10 603
16 15 1989 2626 3
1 15 560
2 7 297
3 20 603
16 10 2188 1178 3
1 20 560
2 41 297
3 31 603
16 8 906 1878 3
1 41 560
2 5 297
3 25 603
16 13 973 3174 3
1 29 560
2 30 297
3 13 603
16 2 1746 3160 3
1 22 560
2 19 297
3 48 603
16 14 1260 735 3
1 46 560
2 13 297
3 21 603
16 1 1216 2155 3
1 30 560
2 42 297
3 19 603
16 3 1702 2564 3
1 49 560
2 25 297
3 10 603
16 4 332 3354 3
1 40 560
2 22 297
3 22 603
16 19 1525 3319 3
1 18 560
2 31 297
3 44 603
16 11 531 2107 3
1 12 560
2 38 297
3 25 603
16 12 509 2737 3
1 27 560
2 17 297
3 6 603
17 1 1901 3104 3
1 18 560
2 17 297
3 24 603
17 15 1569 2758 3
1 22 560
2 36 297
3 16 603
17 6 1172 721 3
1 28 560
2 36 297
3 34 603
17 20 266 1379 3
1 37 560
2 45 297
3 26 603
17 13 1901 839 3
1 39 560
2 26 297
3 32 603
17 19 641 3208 3
1 11 560
2 36 297
3 8 603
17 3 221 1414 3
1 25 560
2 40 297
3 39 603
17 10 1702 2086 3
1 11 560
2 25 297
3 10 603
17 11 1746 2474 3
1 24 560
2 33 297
3 6 603
17 7 1636 3444 3
1 35 560
2 13 297
3 22 603
17 2 2188 2834 3
1 26 560
2 43 297
3 22 603
17 18 730 3257 3
1 17 560
2 11 297
3 20 603
17 9 1150 756 3
1 34 560
2 36 297
3 36 603
17 4 1393 1400 3
1 16 560
2 13 297
3 29 603
18 4 1348 2647 3
1 45 560
2 10 297
3 35 603
18 16 1150 1698 3
1 30 560
2 42 297
3 34 603
18 8 774 1913 3
1 22 560
2 14 297
3 21 603
18 6 1746 2702 3
1 45 560
2 41 297
3 6 603
18 19 818 2120 3
1 12 560
2 20 297
3 44 603
18 2 597 3180 3
1 43 560
2 45 297
3 41 603
18 12 2033 2910 3
1 30 560
2 10 297
3 49 603
18 10 398 3270 3
1 13 560
2 45 297
3 7 603
18 5 1923 1823 3
1 22 560
2 47 297
3 32 603
18 14 420 3174 3
1 5 560
2 14 297
3 28 603
18 1 310 943 3
1 41 560
2 49 297
3 45 603
18 20 1017 2072 3
1 6 560
2 6 297
3 19 603
18 11 465 1913 3
1 41 560
2 27 297
3 49 603
18 17 752 2314 3
1 8 560
2 21 297
3 23 603
19 15 2122 728 3
1 12 560
2 16 297
3 9 603
19 14 1393 3146 3
1 5 560
2 19 297
3 5 603
19 8 2011 1421 3
1 18 560
2 25 297
3 40 603
20 7 1459 3374 3
1 34 560
2 37 297
3 40 603
20 19 1724 2820 3
1 32 560
2 13 297
3 12 603
20 18 1569 2051 3
1 14 560
2 8 297
3 27 603
20 3 774 1400 3
1 27 560
2 27 297
3 48 603
20 2 442 1393 3
1 47 560
2 11 297
3 25 603
20 5 1857 2557 3
1 26 560
2 33 297
3 42 603
20 11 575 2578 3
1 6 560
2 34 297
3 48 603
20 9 2011 1213 3
1 23 560
2 18 297
3 27 603
20 4 1481 2855 3
1 45 560
2 13 297
3 47 603
20 10 487 3215 3
1 34 560
2 49 297
3 8 603
20 1 266 749 3
1 9 560
2 39 297
3 28 603
20 14 244 1926 3
1 23 560
2 27 297
3 14 603
1 15 560
1 17 -560
2 2 -297
2 5 297
3 6 603
3 7 -603
