20 226 5
1 19 929 2792 5
1 39 560
2 14 297
3 34 603
4 23 354
5 18 437
1 17 1680 2536 5
1 10 560
2 16 297
3 32 603
4 20 354
5 12 437
1 7 1150 1864 5
1 9 560
2 38 297
3 28 603
4 18 354
5 28 437
1 8 1702 2308 5
1 18 560
2 14 297
3 13 603
4 44 354
5 12 437
1 5 354 2522 5
1 25 560
2 23 297
3 19 603
4 22 354
5 14 437
1 15 1194 3215 5
1 36 560
2 41 297
3 12 603
4 8 354
5 29 437
1 18 531 2626 5
1 15 560
2 10 297
3 21 603
4 33 354
5 25 437
1 9 1768 2190 5
1 37 560
2 48 297
3 41 603
4 11 354
5 19 437
1 11 1525 2585 5
1 8 560
2 7 297
3 18 603
4 29 354
5 19 437
1 14 1591 3312 5
1 43 560
2 7 297
3 39 603
4 38 354
5 26 437
1 4 1150 894 5
1 24 560
2 18 297
3 5 603
4 31 354
5 32 437
2 10 2188 2287 5
1 45 560
2 19 297
3 45 603
4 7 354
5 47 437
2 6 1835 2834 5
1 19 560
2 49 297
3 35 603
4 6 354
5 7 437
2 7 2100 2945 5
1 12 560
2 9 297
3 26 603
4 49 354
5 34 437
2 3 1945 1580 5
1 15 560
2 5 297
3 46 603
4 30 354
5 29 437
2 15 840 1691 5
1 18 560
2 16 297
3 43 603
4 41 354
5 49 437
2 13 487 1843 5
1 20 560
2 18 297
3 37 603
4 38 354
5 7 437
2 18 929 2945 5
1 34 560
2 5 297
3 12 603
4 49 354
5 32 437
2 4 951 1428 5
1 33 560
2 24 297
3 20 603
4 23 354
5 45 437
2 9 1326 3388 5
1 17 560
2 38 297
3 5 603
4 24 354
5 49 437
2 14 1437 3021 5
1 34 560
2 37 297
3 15 603
4 20 354
5 43 437
2 20 1901 714 5
1 38 560
2 42 297
3 23 603
4 5 354
5 16 437
3 9 2188 2744 5
1 19 560
2 20 297
3 45 603
4 21 354
5 49 437
3 2 1017 3104 5
1 15 560
2 45 297
3 35 603
4 31 354
5 24 437
3 14 995 2301 5
1 11 560
2 5 297
3 26 603
4 27 354
5 46 437
3 1 686 2917 5
1 38 560
2 19 297
3 37 603
4 40 354
5 17 437
3 6 1768 2820 5
1 10 560
2 27 297
3 7 603
4 22 354
5 8 437
3 5 376 2543 5
1 39 560
2 17 297
3 24 603
4 22 354
5 49 437
3 7 221 2841 5
1 16 560
2 14 297
3 6 603
4 24 354
5 9 437
3 16 1150 3215 5
1 9 560
2 22 297
3 16 603
4 19 354
5 11 437
3 4 1127 1476 5
1 16 560
2 22 297
3 23 603
4 10 354
5 21 437
4 10 2144 3388 5
1 20 560
2 34 297
3 49 603
4 31 354
5 49 437
4 2 1768 2065 5
1 22 560
2 19 297
3 49 603
4 33 354
5 12 437
4 18 2078 2314 5
1 17 560
2 25 297
3 37 603
4 47 354
5 35 437
4 1 465 860 5
1 40 560
2 29 297
3 25 603
4 11 354
5 42 437
4 7 1790 1351 5
1 10 560
2 45 297
3 25 603
4 34 354
5 33 437
4 5 487 2827 5
1 27 560
2 24 297
3 44 603
4 30 354
5 42 437
4 15 1459 1164 5
1 40 560
2 39 297
3 47 603
4 44 354
5 15 437
4 3 1282 2217 5
1 7 560
2 36 297
3 6 603
4 38 354
5 43 437
4 13 1614 1525 5
1 38 560
2 13 297
3 35 603
4 39 354
5 37 437
4 20 332 2405 5
1 48 560
2 45 297
3 45 603
4 46 354
5 19 437
4 17 288 3423 5
1 20 560
2 5 297
3 9 603
4 37 354
5 46 437
4 9 1393 3451 5
1 49 560
2 14 297
3 48 603
4 26 354
5 18 437
4 16 420 2585 5
1 34 560
2 21 297
3 5 603
4 20 354
5 14 437
4 6 906 1823 5
1 46 560
2 17 297
3 15 603
4 31 354
5 5 437
4 8 398 1345 5
1 6 560
2 49 297
3 16 603
4 5 354
5 38 437
4 11 1569 957 5
1 17 560
2 38 297
3 45 603
4 5 354
5 20 437
5 9 354 728 5
1 10 560
2 43 297
3 12 603
4 13 354
5 33 437
5 13 1083 3111 5
1 17 560
2 36 297
3 19 603
4 28 354
5 9 437
5 11 686 3014 5
1 46 560
2 16 297
3 15 603
4 11 354
5 48 437
5 19 1459 3458 5
1 14 560
2 36 297
3 14 603
4 22 354
5 46 437
5 16 1260 1414 5
1 34 560
2 11 297
3 47 603
4 26 354
5 30 437
5 6 1812 2661 5
1 10 560
2 12 297
3 6 603
4 23 354
5 46 437
5 1 1857 2986 5
1 28 560
2 20 297
3 20 603
4 34 354
5 41 437
5 3 973 1608 5
1 16 560
2 8 297
3 33 603
4 29 354
5 43 437
5 7 708 3333 5
1 25 560
2 40 297
3 22 603
4 42 354
5 11 437
6 13 730 1829 5
1 32 560
2 41 297
3 7 603
4 19 354
5 18 437
6 12 1945 2772 5
1 35 560
2 36 297
3 27 603
4 26 354
5 20 437
6 11 1857 3444 5
1 45 560
2 38 297
3 26 603
4 11 354
5 43 437
6 2 1105 3194 5
1 10 560
2 47 297
3 41 603
4 39 354
5 40 437
6 14 2122 2841 5
1 19 560
2 31 297
3 28 603
4 6 354
5 38 437
6 1 973 1746 5
1 9 560
2 22 297
3 46 603
4 38 354
5 11 437
6 7 1326 3160 5
1 25 560
2 32 297
3 6 603
4 18 354
5 38 437
6 15 906 2127 5
1 36 560
2 5 297
3 31 603
4 26 354
5 48 437
6 5 442 818 5
1 19 560
2 39 297
3 24 603
4 7 354
5 5 437
6 9 1503 2841 5
1 19 560
2 37 297
3 39 603
4 11 354
5 26 437
6 8 575 1732 5
1 41 560
2 23 297
3 24 603
4 28 354
5 49 437
7 3 1812 1317 5
1 38 560
2 24 297
3 45 603
4 21 354
5 26 437
7 19 1172 1483 5
1 16 560
2 16 297
3 24 603
4 35 354
5 42 437
7 9 1061 1074 5
1 11 560
2 31 297
3 16 603
4 9 354
5 42 437
7 10 288 2758 5
1 45 560
2 31 297
3 40 603
4 33 354
5 49 437
7 13 2122 1518 5
1 12 560
2 30 297
3 11 603
4 24 354
5 6 437
7 4 884 2072 5
1 14 560
2 35 297
3 31 603
4 23 354
5 11 437
7 8 730 1310 5
1 23 560
2 33 297
3 20 603
4 7 354
5 37 437
7 1 884 3264 5
1 6 560
2 47 297
3 41 603
4 31 354
5 32 437
7 17 465 1732 5
1 14 560
2 33 297
3 35 603
4 21 354
5 44 437
7 2 1768 2508 5
1 6 560
2 38 297
3 7 603
4 35 354
5 37 437
7 20 1923 1622 5
1 33 560
2 30 297
3 37 603
4 23 354
5 27 437
7 12 509 2079 5
1 41 560
2 6 297
3 8 603
4 20 354
5 6 437
7 18 1591 735 5
1 36 560
2 48 297
3 9 603
4 13 354
5 43 437
7 14 1702 1504 5
1 7 560
2 5 297
3 32 603
4 46 354
5 47 437
7 6 1304 2772 5
1 21 560
2 38 297
3 28 603
4 26 354
5 47 437
7 11 951 2779 5
1 21 560
2 39 297
3 37 603
4 22 354
5 18 437
8 5 1614 1331 5
1 38 560
2 47 297
3 10 603
4 10 354
5 8 437
8 7 1525 2869 5
1 30 560
2 22 297
3 5 603
4 39 354
5 29 437
8 11 1636 2259 5
1 8 560
2 46 297
3 15 603
4 31 354
5 14 437
8 9 1591 2855 5
1 7 560
2 34 297
3 13 603
4 46 354
5 23 437
8 12 420 1317 5
1 19 560
2 9 297
3 40 603
4 17 354
5 28 437
8 15 1282 2557 5
1 44 560
2 36 297
3 43 603
4 19 354
5 26 437
8 14 1150 2391 5
1 18 560
2 33 297
3 46 603
4 30 354
5 33 437
8 16 1083 1525 5
1 22 560
2 23 297
3 40 603
4 24 354
5 44 437
8 13 1658 1850 5
1 9 560
2 43 297
3 31 603
4 14 354
5 10 437
8 1 1591 2709 5
1 15 560
2 43 297
3 10 603
4 7 354
5 22 437
9 6 1525 3097 5
1 30 560
2 30 297
3 41 603
4 5 354
5 20 437
9 4 1901 1982 5
1 36 560
2 49 297
3 10 603
4 33 354
5 12 437
9 16 1282 984 5
1 47 560
2 21 297
3 31 603
4 6 354
5 7 437
9 18 752 2051 5
1 24 560
2 8 297
3 22 603
4 31 354
5 20 437
9 7 1680 3049 5
1 31 560
2 45 297
3 30 603
4 44 354
5 9 437
9 12 973 1587 5
1 12 560
2 13 297
3 21 603
4 44 354
5 39 437
9 3 641 1961 5
1 22 560
2 48 297
3 8 603
4 42 354
5 46 437
9 17 1967 1144 5
1 23 560
2 9 297
3 19 603
4 15 354
5 19 437
9 15 1150 1559 5
1 6 560
2 41 297
3 41 603
4 32 354
5 46 437
9 13 818 2439 5
1 37 560
2 37 297
3 17 603
4 46 354
5 39 437
9 5 1260 1088 5
1 49 560
2 16 297
3 12 603
4 24 354
5 30 437
9 1 951 1421 5
1 22 560
2 10 297
3 20 603
4 24 354
5 24 437
10 9 553 2432 5
1 16 560
2 23 297
3 12 603
4 15 354
5 6 437
10 16 1879 2605 5
1 22 560
2 36 297
3 44 603
4 29 354
5 14 437
10 14 1812 880 5
1 26 560
2 29 297
3 43 603
4 10 354
5 40 437
10 7 973 2363 5
1 10 560
2 40 297
3 14 603
4 7 354
5 40 437
10 18 1901 1455 5
1 27 560
2 47 297
3 28 603
4 11 354
5 16 437
10 13 2144 3444 5
1 49 560
2 28 297
3 19 603
4 38 354
5 13 437
10 2 641 756 5
1 35 560
2 39 297
3 10 603
4 7 354
5 21 437
10 12 1614 2903 5
1 15 560
2 25 297
3 18 603
4 26 354
5 44 437
10 4 1083 2023 5
1 28 560
2 10 297
3 45 603
4 42 354
5 43 437
11 20 1393 2820 5
1 19 560
2 17 297
3 42 603
4 7 354
5 19 437
11 7 1812 2377 5
1 34 560
2 9 297
3 9 603
4 23 354
5 24 437
11 1 929 1192 5
1 26 560
2 25 297
3 19 603
4 45 354
5 13 437
11 13 1724 1123 5
1 15 560
2 7 297
3 19 603
4 28 354
5 30 437
11 6 995 3167 5
1 18 560
2 34 297
3 21 603
4 34 354
5 27 437
11 18 1150 3361 5
1 29 560
2 49 297
3 18 603
4 16 354
5 24 437
11 4 221 2903 5
1 17 560
2 45 297
3 20 603
4 44 354
5 46 437
11 17 1503 3236 5
1 12 560
2 12 297
3 29 603
4 45 354
5 48 437
11 5 973 2231 5
1 24 560
2 46 297
3 13 603
4 32 354
5 10 437
11 19 929 3028 5
1 25 560
2 7 297
3 34 603
4 11 354
5 36 437
11 10 752 2501 5
1 16 560
2 38 297
3 19 603
4 42 354
5 41 437
12 15 288 2744 5
1 41 560
2 13 297
3 13 603
4 9 354
5 23 437
12 20 332 2883 5
1 31 560
2 22 297
3 49 603
4 42 354
5 38 437
12 16 1216 2114 5
1 49 560
2 11 297
3 11 603
4 7 354
5 18 437
12 10 1768 1157 5
1 35 560
2 34 297
3 31 603
4 19 354
5 47 437
12 11 818 3430 5
1 47 560
2 44 297
3 35 603
4 30 354
5 14 437
12 1 442 2605 5
1 46 560
2 35 297
3 38 603
4 37 354
5 18 437
12 3 1371 3361 5
1 26 560
2 32 297
3 48 603
4 17 354
5 10 437
12 9 1680 2515 5
1 23 560
2 25 297
3 46 603
4 13 354
5 20 437
12 2 531 1594 5
1 24 560
2 15 297
3 21 603
4 6 354
5 14 437
12 5 929 2862 5
1 11 560
2 8 297
3 7 603
4 43 354
5 24 437
12 7 1437 1871 5
1 10 560
2 47 297
3 39 603
4 22 354
5 15 437
12 18 1503 866 5
1 15 560
2 21 297
3 23 603
4 42 354
5 36 437
12 19 1127 1947 5
1 10 560
2 24 297
3 35 603
4 10 354
5 49 437
13 3 2100 3284 5
1 38 560
2 34 297
3 30 603
4 6 354
5 46 437
13 10 1437 3423 5
1 49 560
2 12 297
3 8 603
4 48 354
5 20 437
13 6 487 700 5
1 29 560
2 31 297
3 30 603
4 29 354
5 38 437
13 18 1680 1525 5
1 20 560
2 5 297
3 21 603
4 31 354
5 38 437
13 7 332 1088 5
1 19 560
2 21 297
3 11 603
4 21 354
5 16 437
14 1 1680 2661 5
1 13 560
2 39 297
3 16 603
4 42 354
5 41 437
14 17 2078 1552 5
1 15 560
2 6 297
3 5 603
4 7 354
5 27 437
14 6 752 1054 5
1 46 560
2 38 297
3 5 603
4 21 354
5 15 437
14 11 1835 3416 5
1 15 560
2 40 297
3 14 603
4 29 354
5 25 437
14 3 2166 3402 5
1 5 560
2 16 297
3 29 603
4 44 354
5 10 437
14 7 1459 1947 5
1 23 560
2 25 297
3 35 603
4 5 354
5 7 437
14 12 1194 3298 5
1 19 560
2 35 297
3 30 603
4 18 354
5 44 437
14 4 906 2772 5
1 40 560
2 21 297
3 47 603
4 11 354
5 19 437
14 5 221 1393 5
1 45 560
2 19 297
3 41 603
4 36 354
5 13 437
14 2 641 3139 5
1 11 560
2 44 297
3 47 603
4 14 354
5 42 437
14 10 1835 1241 5
1 45 560
2 29 297
3 29 603
4 18 354
5 48 437
15 17 641 2294 5
1 16 560
2 9 297
3 5 603
4 48 354
5 33 437
15 14 1901 922 5
1 47 560
2 36 297
3 44 603
4 24 354
5 32 437
15 16 2078 3208 5
1 12 560
2 20 297
3 35 603
4 48 354
5 36 437
15 10 840 2640 5
1 14 560
2 10 297
3 39 603
4 10 354
5 25 437
15 12 951 2834 5
1 33 560
2 41 297
3 14 603
4 26 354
5 5 437
15 7 1901 2876 5
1 15 560
2 29 297
3 16 603
4 34 354
5 37 437
15 2 818 3416 5
1 19 560
2 16 297
3 25 603
4 35 354
5 41 437
15 9 1768 2044 5
1 49 560
2 35 297
3 46 603
4 31 354
5 34 437
15 6 1614 2432 5
1 43 560
2 42 297
3 39 603
4 30 354
5 21 437
15 20 1393 1795 5
1 43 560
2 44 297
3 29 603
4 46 354
5 34 437
15 11 1371 3187 5
1 35 560
2 13 297
3 41 603
4 47 354
5 17 437
16 5 1260 1871 5
1 20 560
2 13 297
3 25 603
4 11 354
5 36 437
16 9 1282 2889 5
1 48 560
2 11 297
3 29 603
4 30 354
5 47 437
16 6 1260 1462 5
1 41 560
2 5 297
3 17 603
4 28 354
5 34 437
16 7 288 1227 5
1 6 560
2 28 297
3 30 603
4 33 354
5 46 437
16 20 774 2370 5
1 25 560
2 46 297
3 17 603
4 38 354
5 6 437
16 17 774 929 5
1 13 560
2 9 297
3 10 603
4 34 354
5 39 437
16 15 1989 2626 5
1 15 560
2 7 297
3 20 603
4 33 354
5 43 437
16 10 2188 1178 5
1 20 560
2 41 297
3 31 603
4 34 354
5 39 437
16 8 906 1878 5
1 41 560
2 5 297
3 25 603
4 31 354
5 49 437
16 13 973 3174 5
1 29 560
2 30 297
3 13 603
4 45 354
5 31 437
16 2 1746 3160 5
1 22 560
2 19 297
3 48 603
4 12 354
5 9 437
16 14 1260 735 5
1 46 560
2 13 297
3 21 603
4 47 354
5 5 437
16 1 1216 2155 5
1 30 560
2 42 297
3 19 603
4 28 354
5 11 437
16 3 1702 2564 5
1 49 560
2 25 297
3 10 603
4 27 354
5 45 437
16 4 332 3354 5
1 40 560
2 22 297
3 22 603
4 15 354
5 38 437
16 19 1525 3319 5
1 18 560
2 31 297
3 44 603
4 9 354
5 26 437
16 11 531 2107 5
1 12 560
2 38 297
3 25 603
4 42 354
5 10 437
16 12 509 2737 5
1 27 560
2 17 297
3 6 603
4 13 354
5 25 437
17 1 1901 3104 5
1 18 560
2 17 297
3 24 603
4 41 354
5 25 437
17 15 1569 2758 5
1 22 560
2 36 297
3 16 603
4 7 354
5 19 437
17 6 1172 721 5
1 28 560
2 36 297
3 34 603
4 18 354
5 12 437
17 20 266 1379 5
1 37 560
2 45 297
3 26 603
4 40 354
5 35 437
17 13 1901 839 5
1 39 560
2 26 297
3 32 603
4 23 354
5 22 437
17 19 641 3208 5
1 11 560
2 36 297
3 8 603
4 16 354
5 24 437
17 3 221 1414 5
1 25 560
2 40 297
3 39 603
4 10 354
5 29 437
17 10 1702 2086 5
1 11 560
2 25 297
3 10 603
4 48 354
5 9 437
17 11 1746 2474 5
1 24 560
2 33 297
3 6 603
4 7 354
5 26 437
17 7 1636 3444 5
1 35 560
2 13 297
3 22 603
4 7 354
5 35 437
17 2 2188 2834 5
1 26 560
2 43 297
3 22 603
4 44 354
5 38 437
17 18 730 3257 5
1 17 560
2 11 297
3 20 603
4 27 354
5 39 437
17 9 1150 756 5
1 34 560
2 36 297
3 36 603
4 22 354
5 26 437
17 4 1393 1400 5
1 16 560
2 13 297
3 29 603
4 13 354
5 12 437
18 4 1348 2647 5
1 45 560
2 10 297
3 35 603
4 47 354
5 34 437
18 16 1150 1698 5
1 30 560
2 42 297
3 34 603
4 26 354
5 35 437
18 8 774 1913 5
1 22 560
2 14 297
3 21 603
4 14 354
5 42 437
18 6 1746 2702 5
1 45 560
2 41 297
3 6 603
4 46 354
5 28 437
18 19 818 2120 5
1 12 560
2 20 297
3 44 603
4 32 354
5 25 437
18 2 597 3180 5
1 43 560
2 45 297
3 41 603
4 49 354
5 33 437
18 12 2033 2910 5
1 30 560
2 10 297
3 49 603
4 13 354
5 27 437
18 10 398 3270 5
1 13 560
2 45 297
3 7 603
4 36 354
5 29 437
18 5 1923 1823 5
1 22 560
2 47 297
3 32 603
4 27 354
5 36 437
18 14 420 3174 5
1 5 560
2 14 297
3 28 603
4 26 354
5 44 437
18 1 310 943 5
1 41 560
2 49 297
3 45 603
4 10 354
5 14 437
18 20 1017 2072 5
1 6 560
2 6 297
3 19 603
4 23 354
5 31 437
18 11 465 1913 5
1 41 560
2 27 297
3 49 603
4 14 354
5 12 437
18 17 752 2314 5
1 8 560
2 21 297
3 23 603
4 14 354
5 48 437
19 15 2122 728 5
1 12 560
2 16 297
3 9 603
4 37 354
5 13 437
19 14 1393 3146 5
1 5 560
2 19 297
3 5 603
4 36 354
5 32 437
19 8 2011 1421 5
1 18 560
2 25 297
3 40 603
4 12 354
5 19 437
20 7 1459 3374 5
1 34 560
2 37 297
3 40 603
4 14 354
5 16 437
20 19 1724 2820 5
1 32 560
2 13 297
3 12 603
4 32 354
5 25 437
20 18 1569 2051 5
1 14 560
2 8 297
3 27 603
4 33 354
5 14 437
20 3 774 1400 5
1 27 560
2 27 297
3 48 603
4 44 354
5 10 437
20 2 442 1393 5
1 47 560
2 11 297
3 25 603
4 8 354
5 28 437
20 5 1857 2557 5
1 26 560
2 33 297
3 42 603
4 37 354
5 16 437
20 11 575 2578 5
1 6 560
2 34 297
3 48 603
4 26 354
5 18 437
20 9 2011 1213 5
1 23 560
2 18 297
3 27 603
4 39 354
5 16 437
20 4 1481 2855 5
1 45 560
2 13 297
3 47 603
4 12 354
5 17 437
20 10 487 3215 5
1 34 560
2 49 297
3 8 603
4 47 354
5 31 437
20 1 266 749 5
1 9 560
2 39 297
3 28 603
4 14 354
5 44 437
20 14 244 1926 5
1 23 560
2 27 297
3 14 603
4 16 354
5 16 437
1 15 560
1 17 -560
2 2 -297
2 5 297
3 6 603
3 7 -603
4 4 -354
4 7 354
5 8 -437
5 19 437
